a=[3,4,5,6,7,8,9,10]
b=[4,8,4,9,8,7]
c=a'*b